 |a  |b  |c  |d  |e  |f  |g  |h  |i  |j  |
a|0|505|471|526|412|49|473|205|271|294|
b|505|0|460|531|421|49|478|188|271|287|
c|471|460|0|471|386|49|420|194|271|283|
d|526|531|471|0|431|49|509|205|271|299|
e|412|421|386|431|0|49|380|160|229|230|
f|49|49|49|49|49|0|29|25|46|18|
g|473|478|420|509|380|29|0|170|222|265|
h|205|188|194|205|160|25|170|0|77|114|
i|271|271|271|271|229|46|222|77|0|159|
j|294|287|283|299|230|18|265|114|159|0|

terms==139296.81274132128
words==115055.19380341143
meaning==112122.15467088732
problem==107166.22838459717
put==93201.3292100707
imitation==70913.13909296542
definitions==68312.747474748
answers==63389.30036801153
answer==58047.644624861954
game.==48260.12824218284
wrong==46848.26023674726
interrogator==46466.268678897264
form==45336.20182438402
question==43675.80196564142
game==42924.529780162
machine==42012.5211388495
man==36987.97082631115
mind==35006.972970411436
short==34693.460334662705
digital==33231.82787106502
suppose==30878.964131739842
thinking==30491.630976621032
machines==29541.768984246468
computers==28926.519150833592
time==28244.621996900296
make==27398.76305782305
human==26370.60623617033
point==26289.352851797594
give==25084.434953179923
questions==22746.13384303483
instruction==22361.323271154848
machines.==20207.962787165252
computer==19847.994395855563
view==19645.26508933642
part==18736.125484109536
objection==17242.59118920724
storage==16531.333709052215
difficult==16344.86872136758
discretestate==16126.301551494618
number==14615.359871372002
fact==12679.20114012374
.==10680.851685221944
kind==7002.632092718894
instance==6096.18246457338
argument==5427.4908895927665
states==4953.988537091309
subject==4822.180343589511
called==4078.270055574904
normal==4010.8766685845594
idea==3014.327197887371
system==2061.6381807278503
behaviour==1721.2740757579738
operations==1685.9050490843779
rules==942.0559135660332
method==552.1297057372942
machine.==0.0
capacity==0.0
random==0.0
state==0.0
child==0.0
process==0.0
made==0.0
find==0.0
it.==0.0
laws==0.0
constructed==0.0
store==0.0
important==0.0
logical==0.0
scientific==0.0
teaching==0.0
effect==0.0
case==0.0
means==0.0
result==0.0
programme==0.0
sense==0.0
mathematical==0.0
predict==0.0
day==0.0
learning==0.0
teacher==0.0
things==0.0
similar==0.0
man.==0.0
produce==0.0
one.==0.0
play==0.0
suitable==0.0
present==0.0
information==0.0
small==0.0
reader==0.0
speed==0.0
mechanical==0.0
sufficiently==0.0
moment==0.0
provided==0.0
errors==0.0
sort==0.0
education==0.0
expressed==0.0
order==0.0
set==0.0
write==0.0
possibility==0.0
computer.==0.0
appears==0.0
attempt==0.0
working==0.0
experiment==0.0
mentioned==0.0
table==0.0
digits==0.0
mimic==0.0
making==0.0
manchester==0.0
nervous==0.0
general==0.0
expect==0.0
type==0.0
describe==0.0
induction.==0.0
object==0.0
end==0.0
decide==0.0
provide==0.0
concerned==0.0
natural==0.0
operation==0.0
largely==0.0
men==0.0
satisfy==0.0
satisfactory==0.0
complete==0.0
good==0.0
book==0.0
paper==0.0
instructions==0.0
stored==0.0
position==0.0
accept==0.0
do.==0.0
special==0.0
analytical==0.0
engine==0.0
thought==0.0
signal==0.0
difference==0.0
property==0.0
fall==0.0
adequate==0.0
quoted==0.0
wellestablished==0.0
brain==0.0
circumstances==0.0
arguments==0.0
results==0.0
due==0.0
apply==0.0
winters==0.0
lady==0.0
conduct==0.0
punishments==0.0
rewards==0.0
homework==0.0
definition==0.0
call==0.0
played==0.0
people==0.0
woman==0.0
alternatively==0.0
add==0.0
original==0.0
intellectual==0.0
feel==0.0
shown==0.0
sonnet==0.0
conditions==0.0
disabilities==0.0
satisfactorily==0.0
playing==0.0
possibly==0.0
definite==0.0
technique==0.0
skin==0.0
regard==0.0
electronic==0.0
show==0.0
unable==0.0
asked==0.0
light==0.0
regarded==0.0
store.==0.0
correspond==0.0

